MC-solex_inf ver. 2.02-t (compiled on Jun  9 2020 at 22:41:36)
The request info:
Values from iterations belonging to analysis-id 1005.
No filter for iterations.
verbose: 0
Info extracted from the DB:
problem_inst_id: 924
number of iterations: 33

Criteria defined for the problem instance id = 924:
CO2          (id 1428), minimized, nadir  1.748e+09, utopia  1.167e+08
cost         (id 1429), minimized, nadir  1.733e+08, utopia  9.135e+07


Values of criteria of 33 iters (0 were filtered-out):
Itr_id CO2         cost       
  2361 6.99398e+08 1.00138e+08
  2362 1.16690e+08 1.15961e+08
  2363 1.74845e+09 9.14615e+07
  2364 1.56070e+09 9.35363e+07
  2365 1.50874e+09 9.23955e+07
  2366 1.59743e+09 9.21464e+07
  2367 1.63694e+09 9.18216e+07
  2368 1.67929e+09 9.15898e+07
  2369 1.54157e+09 9.20812e+07
  2370 1.46099e+09 9.31052e+07
  2371 1.37653e+09 9.35904e+07
  2372 1.41376e+09 9.46211e+07
  2373 1.36125e+09 9.46116e+07
  2374 1.32444e+09 9.72820e+07
  2375 1.04787e+09 1.01739e+08
  2376 8.82501e+08 1.46474e+08
  2377 1.05139e+09 9.92788e+07
  2378 1.18278e+09 1.03372e+08
  2379 1.14729e+09 1.05189e+08
  2380 8.29317e+08 1.16353e+08
  2381 8.29317e+08 1.16353e+08
  2382 2.67858e+08 1.15884e+08
  2383 8.30956e+08 1.73345e+08
  2384 8.06636e+08 1.16572e+08
  2385 1.74845e+09 9.96890e+07
  2386 5.22705e+08 1.14578e+08
  2387 8.30956e+08 1.73345e+08
  2388 7.82803e+08 1.04661e+08
  2389 2.51656e+08 1.14866e+08
  2390 2.90583e+08 1.24228e+08
  2391 2.90583e+08 1.20320e+08
  2392 2.90583e+08 1.20320e+08
  2393 1.16690e+08 1.15035e+08

Non-empty notes for the above listed iterations:
  2361 initial
  2362 selfish opt. of crit.: CO2
  2363 selfish opt. of crit.: cost


Values of: act (active), A (aspiration), R (reservation) for 2 criteria in 33 iters (0 were filtered-out):
Itr   act A-CO2      R-CO2      act A-cost     R-cost     
  2361 1 6.60610e+08 1.20453e+09 1 9.95527e+07 1.07757e+08
  2362 1 1.16690e+08 6.60610e+08 0 1.07757e+08 1.15961e+08
  2363 0 1.20453e+09 1.74845e+09 1 9.13485e+07 9.95527e+07
  2364 1 1.17000e+08 1.74800e+09 1 9.13500e+07 9.38200e+07
  2365 1 9.33000e+08 1.74800e+09 1 9.13500e+07 9.28300e+07
  2366 1 1.42200e+09 1.74800e+09 1 9.13500e+07 9.28300e+07
  2367 1 1.58500e+09 1.74800e+09 1 9.13500e+07 9.28300e+07
  2368 1 1.66600e+09 1.74800e+09 1 9.13500e+07 9.28300e+07
  2369 1 1.34000e+09 1.74800e+09 1 9.13500e+07 9.28300e+07
  2370 1 1.34000e+09 1.74800e+09 1 9.13500e+07 9.72700e+07
  2371 1 1.17700e+09 1.74800e+09 1 9.13500e+07 9.77600e+07
  2372 1 1.17700e+09 1.74800e+09 1 9.13500e+07 9.92400e+07
  2373 1 1.17700e+09 1.74800e+09 1 9.13500e+07 1.01460e+08
  2374 1 9.33000e+08 1.74800e+09 1 9.13500e+07 1.03700e+08
  2375 1 5.41000e+08 1.74800e+09 1 9.13500e+07 1.09600e+08
  2376 1 5.41000e+08 1.74800e+09 1 9.13500e+07 1.16000e+08
  2377 1 5.41000e+08 1.74800e+09 1 9.13500e+07 1.10100e+08
  2378 1 5.41000e+08 1.74800e+09 1 9.13500e+07 1.13960e+08
  2379 1 5.41000e+08 1.74800e+09 1 9.13500e+07 1.18900e+08
  2380 1 5.41000e+08 1.74800e+09 1 9.13500e+07 1.26100e+08
  2381 1 5.41000e+08 1.74800e+09 1 9.13500e+07 1.30500e+08
  2382 1 5.41000e+08 1.74800e+09 1 9.13500e+07 1.34900e+08
  2383 1 5.41000e+08 1.74800e+09 1 9.13500e+07 1.39900e+08
  2384 1 3.94000e+08 1.74800e+09 1 9.13500e+07 1.39900e+08
  2385 1 1.17000e+08 1.74800e+09 1 9.13500e+07 1.39900e+08
  2386 1 1.17000e+08 9.65000e+08 1 9.13500e+07 1.39900e+08
  2387 1 1.17000e+08 9.65000e+08 1 9.13500e+07 1.73300e+08
  2388 1 1.17000e+08 9.65000e+08 1 9.13500e+07 1.62600e+08
  2389 1 1.17000e+08 5.25000e+08 1 9.13500e+07 1.62600e+08
  2390 1 1.17000e+08 7.86000e+08 1 1.24130e+08 1.62600e+08
  2391 1 1.17000e+08 7.86000e+08 1 1.24130e+08 1.73300e+08
  2392 1 1.17000e+08 7.86000e+08 1 1.24130e+08 1.73300e+08
  2393 1 1.17000e+08 6.88000e+08 1 1.33100e+08 1.73300e+08

